usb connected 
------------------------------------ 
Sensor:       BMP280 
Type:         Ambient Temp (C) 
Driver Ver:   1 
Unique ID:    280 
Min Value:    -40.00 
Max Value:    85.00 
Resolution:   0.01 
----------------------------------- 
 
 
Callsign, BMPTemp, LMTemp, NTCTemp, BMPPressure, MPXPressure, BMPCalculatedAltitude, Uptime 
pong 
PongCallsign, BallPosX, BallPosY, BallAngle, GroundPaddlePos, CansatPaddlePos 
Grid Size X = 15 
Grid Size Y = 15 
Line Size = 5 
 
TFB, 25.57, 0.25, 0.43, 1021.40, 1017.90, -2.95, 1067.00, A 
TGB, 8.05, 8.70, 45.00, 7.00, 8.00, A 
TFB, 25.58, 0.19, 0.43, 1021.39, 1017.90, -3.27, 1333.00, A 
TGB, 8.58, 9.55, 45.00, 8.00, 9.00, A 
TFB, 25.58, 0.24, 0.43, 1021.37, 1017.90, -2.91, 1600.00, A 
TGB, 9.10, 10.40, 45.00, 9.00, 10.00, A 
TFB, 25.58, 0.18, 0.43, 1021.37, 1017.90, -2.98, 1867.00, A 
TGB, 9.63, 11.25, 45.00, 10.00, 10.00, A 
TFB, 25.58, 0.40, 0.43, 1021.38, 1017.90, -2.91, 2134.00, A 
TGB, 10.15, 12.11, 45.00, 11.00, 11.00, A 
TFB, 25.58, 0.21, 0.43, 1021.36, 1017.90, -3.11, 2401.00, A 
TGB, 10.68, 12.96, 45.00, 11.00, 12.00, A 
TFB, 25.58, 0.22, 0.43, 1021.40, 1017.90, -2.75, 2667.00, A 
TGB, 11.20, 12.11, 45.00, 11.00, 13.00, A 
TFB, 25.57, 0.21, 0.43, 1021.34, 1017.90, -2.85, 2933.00, A 
TGB, 11.73, 11.25, 45.00, 11.00, 12.00, A 
TFB, 25.58, 0.23, 0.43, 1021.38, 1017.90, -3.58, 3201.00, A 
TGB, 12.25, 10.40, 45.00, 11.00, 11.00, A 
TFB, 25.58, 0.19, 0.43, 1021.43, 1017.90, -3.35, 3468.00, A 
TGB, 12.78, 9.55, 45.00, 10.00, 10.00, A 
TFB, 25.58, 0.23, 0.43, 1021.37, 1017.90, -3.35, 3735.00, A 
TGB, 7.53, 6.15, 45.00, 10.00, 10.00, A 
TFB, 25.59, 0.18, 0.43, 1021.42, 1017.90, -3.55, 4002.00, A 
TGB, 8.05, 5.30, 45.00, 9.00, 6.00, A 
TFB, 25.59, 0.19, 0.43, 1021.40, 1017.90, -3.21, 4270.00, A 
TGB, 8.58, 4.45, 45.00, 8.00, 5.00, A 
TFB, 25.58, 0.19, 0.43, 1021.40, 1017.90, -3.31, 4536.00, A 
TGB, 9.10, 3.60, 45.00, 7.00, 4.00, A 
TFB, 25.58, 0.19, 0.43, 1021.42, 1017.90, -3.23, 4803.00, A 
TGB, 9.63, 2.75, 45.00, 6.00, 4.00, A 
TFB, 25.58, 0.22, 0.43, 1021.42, 1017.90, -3.25, 5068.00, A 
TGB, 10.15, 1.89, 45.00, 5.00, 3.00, A 
TFB, 25.59, 0.19, 0.43, 1021.42, 1017.90, -3.15, 5332.00, A 
TGB, 9.63, 1.04, 45.00, 4.00, 2.00, A 
TFB, 25.59, 0.19, 0.43, 1021.41, 1017.90, -3.52, 5598.00, A 
TGB, 10.15, 1.89, 45.00, 3.00, 1.00, A 
TFB, 25.59, 0.23, 0.43, 1021.37, 1017.90, -3.15, 5862.00, A 
TGB, 9.63, 2.75, 45.00, 3.00, 2.00, A 
TFB, 25.59, 0.19, 0.43, 1021.40, 1016.82, -2.98, 6127.00, A 
TGB, 10.15, 3.60, 45.00, 3.00, 3.00, A 
TFB, 25.59, 0.20, 0.43, 1021.37, 1016.82, -3.12, 6391.00, A 
TGB, 9.63, 4.45, 45.00, 4.00, 4.00, A 
TFB, 25.58, 0.18, 0.43, 1021.36, 1017.90, -3.28, 6657.00, A 
TGB, 9.10, 5.30, 45.00, 4.00, 4.00, A 
TFB, 25.58, 0.19, 0.43, 1021.39, 1017.90, -3.10, 6922.00, A 
TGB, 8.58, 6.15, 45.00, 5.00, 5.00, A 
TFB, 25.58, 0.25, 0.43, 1021.42, 1017.90, -3.18, 7188.00, A 
TGB, 8.05, 7.00, 45.00, 6.00, 6.00, A 
TFB, 25.58, 0.30, 0.43, 1021.38, 1017.90, -3.20, 7453.00, A 
TGB, 7.53, 7.85, 45.00, 7.00, 7.00, A 
TFB, 25.57, 0.21, 0.43, 1021.40, 1016.82, -3.19, 7718.00, A 
TGB, 7.00, 8.70, 45.00, 8.00, 8.00, A 
TFB, 25.57, 0.20, 0.43, 1021.38, 1017.90, -3.22, 7984.00, A 
TGB, 6.47, 9.55, 45.00, 9.00, 9.00, A 
TFB, 25.58, 0.19, 0.43, 1021.39, 1017.90, -3.32, 8248.00, A 
TGB, 5.95, 10.40, 45.00, 10.00, 10.00, A 
TFB, 25.58, 0.31, 0.43, 1021.42, 1017.90, -3.04, 8513.00, A 
TGB, 5.42, 11.25, 45.00, 10.00, 10.00, A 
TFB, 25.57, 0.31, 0.43, 1021.38, 1017.90, -3.04, 8778.00, A 
TGB, 4.90, 12.11, 45.00, 11.00, 11.00, A 
TFB, 25.57, 0.24, 0.43, 1021.40, 1017.90, -3.21, 9044.00, A 
TGB, 4.37, 12.96, 45.00, 11.00, 12.00, A 
TFB, 25.57, 0.23, 0.43, 1021.38, 1017.90, -3.10, 9310.00, A 
TGB, 4.90, 12.11, 45.00, 11.00, 13.00, A 
TFB, 25.57, 0.44, 0.43, 1021.40, 1017.90, -3.23, 9575.00, A 
TGB, 5.42, 11.25, 45.00, 11.00, 12.00, A 
TFB, 25.57, 0.27, 0.43, 1021.42, 1017.90, -3.14, 9840.00, A 
TGB, 5.95, 10.40, 45.00, 11.00, 11.00, A 
TFB, 25.56, 0.34, 0.43, 1021.42, 1017.90, -3.14, 10106.00, A 
TGB, 6.47, 9.55, 45.00, 10.00, 10.00, A 
TFB, 25.58, 0.26, 0.43, 1021.39, 1017.90, -3.14, 10373.00, A 
TGB, 7.00, 8.70, 45.00, 10.00, 10.00, A 
TFB, 25.57, 0.31, 0.43, 1021.38, 1017.90, -3.20, 10638.00, A 
TGB, 7.53, 7.85, 45.00, 9.00, 9.00, A 
TFB, 25.58, 0.18, 0.43, 1021.40, 1017.90, -3.29, 10905.00, A 
TGB, 8.05, 7.00, 45.00, 8.00, 8.00, A 
TFB, 25.58, 0.38, 0.43, 1021.43, 1017.90, -3.27, 11170.00, A 
TGB, 8.58, 6.15, 45.00, 7.00, 7.00, A 
TFB, 25.57, 0.25, 0.43, 1021.39, 1017.90, -3.32, 11436.00, A 
TGB, 9.10, 5.30, 45.00, 6.00, 6.00, A 
TFB, 25.57, 0.44, 0.43, 1021.37, 1017.90, -3.08, 11703.00, A 
TGB, 9.63, 4.45, 45.00, 5.00, 5.00, A 
TFB, 25.57, 0.24, 0.43, 1021.42, 1017.90, -3.13, 11968.00, A 
TGB, 9.10, 3.60, 45.00, 4.00, 4.00, A 
TFB, 25.57, 0.22, 0.43, 1021.37, 1017.90, -3.08, 12233.00, A 
TGB, 8.58, 2.75, 45.00, 4.00, 4.00, A 
TFB, 25.58, 0.21, 0.43, 1021.39, 1017.90, -3.08, 12499.00, A 
TGB, 8.05, 1.89, 45.00, 3.00, 3.00, A 
TFB, 25.57, 0.22, 0.43, 1021.38, 1016.82, -3.13, 12765.00, A 
TGB, 7.53, 1.04, 45.00, 3.00, 2.00, A 
TFB, 25.58, 0.22, 0.43, 1021.38, 1017.90, -3.20, 13031.00, A 
TGB, 7.00, 1.89, 45.00, 3.00, 1.00, A 
TFB, 25.57, 0.34, 0.43, 1021.39, 1017.90, -3.14, 13297.00, A 
TGB, 6.47, 2.75, 45.00, 3.00, 2.00, A 
TFB, 25.57, 0.19, 0.43, 1021.37, 1017.90, -3.14, 13560.00, A 
TGB, 5.95, 3.60, 45.00, 3.00, 3.00, A 
TFB, 25.58, 0.23, 0.43, 1021.37, 1017.90, -2.99, 13825.00, A 
TGB, 5.42, 4.45, 45.00, 4.00, 4.00, A 
TFB, 25.58, 0.30, 0.43, 1021.38, 1017.90, -3.22, 14091.00, A 
TGB, 4.90, 5.30, 45.00, 4.00, 4.00, A 
TFB, 25.58, 0.25, 0.43, 1021.40, 1017.90, -3.00, 14356.00, A 
TGB, 4.37, 6.15, 45.00, 5.00, 5.00, A 
TFB, 25.57, 0.24, 0.43, 1021.42, 1017.90, -3.40, 14622.00, A 
TGB, 4.90, 7.00, 45.00, 6.00, 6.00, A 
TFB, 25.58, 0.19, 0.43, 1021.39, 1017.90, -2.75, 14886.00, A 
TGB, 5.42, 7.85, 45.00, 7.00, 7.00, A 
TFB, 25.57, 0.30, 0.43, 1021.39, 1017.90, -2.78, 15153.00, A 
TGB, 5.95, 8.70, 45.00, 8.00, 8.00, A 
TFB, 25.57, 0.25, 0.43, 1021.37, 1017.90, -2.90, 15420.00, A 
TGB, 6.47, 9.55, 45.00, 9.00, 9.00, A 
TFB, 25.57, 0.24, 0.43, 1021.38, 1017.90, -3.28, 15685.00, A 
TGB, 7.00, 10.40, 45.00, 10.00, 10.00, A 
TFB, 25.58, 0.20, 0.43, 1021.37, 1017.90, -3.04, 15951.00, A 
TGB, 7.53, 11.25, 45.00, 10.00, 10.00, A 
TFB, 25.58, 0.22, 0.43, 1021.38, 1017.90, -2.81, 16218.00, A 
TGB, 8.05, 12.11, 45.00, 11.00, 11.00, A 
TFB, 25.59, 0.26, 0.43, 1021.38, 1017.90, -2.82, 16485.00, A 
TGB, 8.58, 12.96, 45.00, 11.00, 12.00, A 
TFB, 25.59, 0.40, 0.43, 1021.39, 1017.90, -2.96, 16751.00, A 
TGB, 9.10, 12.11, 45.00, 11.00, 13.00, A 
TFB, 25.59, 0.20, 0.43, 1021.38, 1016.82, -3.00, 17018.00, A 
TGB, 9.63, 11.25, 45.00, 11.00, 12.00, A 
TFB, 25.59, 0.27, 0.43, 1021.35, 1017.90, -2.81, 17285.00, A 
TGB, 10.15, 10.40, 45.00, 11.00, 11.00, A 
TFB, 25.59, 0.19, 0.43, 1021.34, 1017.90, -2.78, 17549.00, A 
TGB, 10.68, 9.55, 45.00, 10.00, 10.00, A 
TFB, 25.60, 0.33, 0.43, 1021.37, 1017.90, -3.06, 17816.00, A 
TGB, 11.20, 8.70, 45.00, 10.00, 10.00, A 
TFB, 25.60, 0.46, 0.43, 1021.35, 1017.90, -3.01, 18081.00, A 
TGB, 11.73, 7.85, 45.00, 9.00, 9.00, A 
TFB, 25.60, 0.19, 0.43, 1021.34, 1017.90, -2.72, 18348.00, A 
TGB, 12.25, 7.00, 45.00, 8.00, 8.00, A 
TFB, 25.60, 0.22, 0.43, 1021.37, 1017.90, -2.93, 18613.00, A 
TGB, 12.78, 6.15, 45.00, 7.00, 7.00, A 
TFB, 25.60, 0.39, 0.43, 1021.35, 1017.90, -2.82, 18879.00, A 
TGB, 7.53, 6.15, 45.00, 6.00, 6.00, A 
TFB, 25.59, 0.22, 0.43, 1021.39, 1017.90, -3.22, 19145.00, A 
TGB, 8.05, 5.30, 45.00, 6.00, 6.00, A 
TFB, 25.60, 0.21, 0.43, 1021.34, 1017.90, -2.94, 19410.00, A 
TGB, 8.58, 4.45, 45.00, 5.00, 5.00, A 
TFB, 25.60, 0.22, 0.43, 1021.36, 1017.90, -3.10, 19677.00, A 
TGB, 9.10, 3.60, 45.00, 4.00, 4.00, A 
TFB, 25.61, 0.29, 0.43, 1021.33, 1017.90, -2.79, 19943.00, A 
TGB, 9.63, 2.75, 45.00, 4.00, 4.00, A 
TFB, 25.60, 0.19, 0.43, 1021.35, 1016.82, -2.85, 20209.00, A 
TGB, 9.10, 1.89, 45.00, 3.00, 3.00, A 
TFB, 25.60, 0.31, 0.43, 1021.37, 1017.90, -2.87, 20475.00, A 
TGB, 8.58, 1.04, 45.00, 3.00, 2.00, A 
TFB, 25.60, 0.34, 0.43, 1021.36, 1017.90, -2.72, 20742.00, A 
TGB, 8.05, 1.89, 45.00, 3.00, 1.00, A 
TFB, 25.60, 0.31, 0.43, 1021.36, 1017.90, -3.13, 21008.00, A 
TGB, 7.53, 2.75, 45.00, 3.00, 2.00, A 
TFB, 25.59, 0.18, 0.43, 1021.35, 1016.82, -2.85, 21275.00, A 
TGB, 7.00, 3.60, 45.00, 3.00, 3.00, A 
TFB, 25.59, 0.19, 0.43, 1021.36, 1017.90, -2.97, 21540.00, A 
TGB, 6.47, 4.45, 45.00, 4.00, 4.00, A 
TFB, 25.60, 0.22, 0.43, 1021.36, 1017.90, -2.85, 21807.00, A 
TGB, 5.95, 5.30, 45.00, 4.00, 4.00, A 
TFB, 25.60, 0.19, 0.43, 1021.38, 1017.90, -3.31, 22073.00, A 
TGB, 5.42, 6.15, 45.00, 5.00, 5.00, A 
TFB, 25.60, 0.25, 0.43, 1021.38, 1017.90, -3.10, 22338.00, A 
TGB, 4.90, 7.00, 45.00, 6.00, 6.00, A 
TFB, 25.60, 0.27, 0.43, 1021.38, 1017.90, -3.14, 22604.00, A 
TGB, 4.37, 7.85, 45.00, 7.00, 7.00, A 
TFB, 25.60, 0.18, 0.43, 1021.37, 1017.90, -3.05, 22871.00, A 
TGB, 4.90, 8.70, 45.00, 8.00, 8.00, A 
TFB, 25.60, 0.42, 0.43, 1021.35, 1017.90, -2.73, 23137.00, A 
TGB, 5.42, 9.55, 45.00, 9.00, 9.00, A 
TFB, 25.60, 0.29, 0.43, 1021.36, 1016.82, -3.06, 23403.00, A 
TGB, 5.95, 10.40, 45.00, 10.00, 10.00, A 
TFB, 25.59, 0.26, 0.43, 1021.38, 1017.90, -2.85, 23669.00, A 
TGB, 6.47, 11.25, 45.00, 10.00, 10.00, A 
TFB, 25.60, 0.20, 0.43, 1021.32, 1017.90, -2.87, 23937.00, A 
TGB, 7.00, 12.11, 45.00, 11.00, 11.00, A 
TFB, 25.59, 0.18, 0.43, 1021.34, 1017.90, -2.89, 24203.00, A 
TGB, 7.53, 12.96, 45.00, 11.00, 12.00, A 
TFB, 25.60, 0.19, 0.43, 1021.36, 1017.90, -2.90, 24469.00, A 
TGB, 8.05, 12.11, 45.00, 11.00, 13.00, A 
TFB, 25.60, 0.35, 0.43, 1021.39, 1016.82, -3.30, 24735.00, A 
TGB, 8.58, 11.25, 45.00, 11.00, 12.00, A 
TFB, 25.60, 0.30, 0.43, 1021.41, 1017.90, -3.39, 25003.00, A 
TGB, 9.10, 10.40, 45.00, 11.00, 11.00, A 
TFB, 25.60, 0.21, 0.43, 1021.40, 1016.82, -2.97, 25268.00, A 
TGB, 9.63, 9.55, 45.00, 10.00, 10.00, A 
TFB, 25.59, 0.19, 0.43, 1021.37, 1017.90, -3.01, 25535.00, A 
TGB, 10.15, 8.70, 45.00, 10.00, 10.00, A 
TFB, 25.60, 0.38, 0.43, 1021.36, 1017.90, -2.81, 25800.00, A 
TGB, 10.68, 7.85, 45.00, 9.00, 9.00, A 
TFB, 25.60, 0.25, 0.43, 1021.37, 1017.90, -2.91, 26066.00, A 
TGB, 11.20, 7.00, 45.00, 8.00, 8.00, A 
TFB, 25.59, 0.24, 0.43, 1021.38, 1017.90, -3.09, 26334.00, A 
TGB, 11.73, 6.15, 45.00, 7.00, 7.00, A 
TFB, 25.59, 0.27, 0.43, 1021.38, 1017.90, -2.98, 26600.00, A 
TGB, 12.25, 5.30, 45.00, 6.00, 6.00, A 
TFB, 25.59, 0.29, 0.43, 1021.38, 1017.90, -3.12, 26866.00, A 
TGB, 12.78, 4.45, 45.00, 5.00, 5.00, A 
TFB, 25.59, 0.22, 0.43, 1021.38, 1017.90, -3.09, 27132.00, A 
TGB, 7.53, 6.15, 45.00, 4.00, 4.00, A 
TFB, 25.58, 0.20, 0.43, 1021.35, 1017.90, -3.12, 27399.00, A 
TGB, 8.05, 5.30, 45.00, 5.00, 6.00, A 
TFB, 25.57, 0.23, 0.43, 1021.35, 1017.90, -3.41, 27665.00, A 
TGB, 8.58, 4.45, 45.00, 5.00, 5.00, A 
TFB, 25.58, 0.23, 0.43, 1021.39, 1017.90, -3.09, 27930.00, A 
TGB, 9.10, 3.60, 45.00, 4.00, 4.00, A 
TFB, 25.58, 0.25, 0.43, 1021.41, 1017.90, -3.21, 28196.00, A 
TGB, 9.63, 2.75, 45.00, 4.00, 4.00, A 
TFB, 25.58, 0.19, 0.43, 1021.36, 1017.90, -3.07, 28463.00, A 
TGB, 9.10, 1.89, 45.00, 3.00, 3.00, A 
TFB, 25.57, 0.19, 0.43, 1021.36, 1017.90, -3.15, 28729.00, A 
TGB, 8.58, 1.04, 45.00, 3.00, 2.00, A 
TFB, 25.57, 0.24, 0.43, 1021.37, 1017.90, -2.92, 28996.00, A 
TGB, 8.05, 1.89, 45.00, 3.00, 1.00, A 
TFB, 25.57, 0.18, 0.43, 1021.36, 1017.90, -3.06, 29262.00, A 
TGB, 7.53, 2.75, 45.00, 3.00, 2.00, A 
TFB, 25.57, 0.35, 0.43, 1021.36, 1017.90, -2.93, 29529.00, A 
TGB, 7.00, 3.60, 45.00, 3.00, 3.00, A 
TFB, 25.58, 0.44, 0.43, 1021.37, 1017.90, -3.08, 29795.00, A 
TGB, 6.47, 4.45, 45.00, 4.00, 4.00, A 
TFB, 25.57, 0.25, 0.43, 1021.36, 1016.82, -3.08, 30061.00, A 
TGB, 5.95, 5.30, 45.00, 4.00, 4.00, A 
TFB, 25.57, 0.25, 0.43, 1021.37, 1017.90, -3.41, 30328.00, A 
TGB, 5.42, 6.15, 45.00, 5.00, 5.00, A 
TFB, 25.57, 0.18, 0.43, 1021.39, 1017.90, -2.89, 30595.00, A 
TGB, 4.90, 7.00, 45.00, 6.00, 6.00, A 
TFB, 25.57, 0.38, 0.43, 1021.38, 1017.90, -2.96, 30860.00, A 
TGB, 4.37, 7.85, 45.00, 7.00, 7.00, A 
TFB, 25.57, 0.23, 0.44, 1021.35, 1017.90, -2.96, 31126.00, A 
TGB, 4.90, 8.70, 45.00, 8.00, 8.00, A 
TFB, 25.57, 0.22, 0.43, 1021.40, 1017.90, -3.02, 31392.00, A 
TGB, 5.42, 9.55, 45.00, 9.00, 9.00, A 
TFB, 25.57, 0.18, 0.43, 1021.37, 1017.90, -3.13, 31660.00, A 
TGB, 5.95, 10.40, 45.00, 10.00, 10.00, A 
TFB, 25.57, 0.38, 0.43, 1021.35, 1017.90, -2.96, 31926.00, A 
TGB, 6.47, 11.25, 45.00, 10.00, 10.00, A 
TFB, 25.57, 0.23, 0.43, 1021.37, 1017.90, -3.17, 32192.00, A 
TGB, 7.00, 12.11, 45.00, 11.00, 11.00, A 
TFB, 25.57, 0.19, 0.44, 1021.36, 1017.90, -2.95, 32459.00, A 
TGB, 7.53, 12.96, 45.00, 11.00, 12.00, A 
TFB, 25.56, 0.20, 0.44, 1021.36, 1017.90, -2.98, 32726.00, A 
TGB, 8.05, 12.11, 45.00, 11.00, 13.00, A 
TFB, 25.55, 0.20, 0.43, 1021.37, 1017.90, -3.08, 32993.00, A 
TGB, 8.58, 11.25, 45.00, 11.00, 12.00, A 
TFB, 25.56, 0.38, 0.44, 1021.38, 1016.82, -2.92, 33259.00, A 
TGB, 9.10, 10.40, 45.00, 11.00, 11.00, A 
TFB, 25.56, 0.19, 0.43, 1021.41, 1017.90, -3.10, 33526.00, A 
TGB, 9.63, 9.55, 45.00, 10.00, 10.00, A 
TFB, 25.55, 0.18, 0.43, 1021.38, 1017.90, -2.85, 33793.00, A 
TGB, 10.15, 8.70, 45.00, 10.00, 10.00, A 
TFB, 25.56, 0.20, 0.44, 1021.36, 1016.82, -3.25, 34059.00, A 
TGB, 10.68, 7.85, 45.00, 9.00, 9.00, A 
TFB, 25.56, 0.18, 0.44, 1021.40, 1017.90, -2.94, 34325.00, A 
TGB, 11.20, 7.00, 45.00, 8.00, 8.00, A 
TFB, 25.55, 0.33, 0.43, 1021.39, 1017.90, -2.89, 34592.00, A 
TGB, 11.73, 6.15, 45.00, 7.00, 7.00, A 
TFB, 25.54, 0.22, 0.44, 1021.37, 1017.90, -3.22, 34859.00, A 
TGB, 12.25, 5.30, 45.00, 6.00, 6.00, A 
TFB, 25.55, 0.22, 0.43, 1021.37, 1016.82, -3.27, 35125.00, A 
TGB, 12.78, 4.45, 45.00, 5.00, 5.00, A 
TFB, 25.54, 0.18, 0.43, 1021.36, 1017.90, -3.02, 35391.00, A 
TGB, 7.53, 6.15, 45.00, 4.00, 4.00, A 
TFB, 25.55, 0.38, 0.44, 1021.37, 1017.90, -2.81, 35656.00, A 
TGB, 8.05, 5.30, 45.00, 5.00, 6.00, A 
TFB, 25.54, 0.18, 0.44, 1021.36, 1016.82, -2.81, 35922.00, A 
TGB, 8.58, 4.45, 45.00, 5.00, 5.00, A 
TFB, 25.55, 0.43, 0.43, 1021.36, 1017.90, -3.04, 36190.00, A 
TGB, 9.10, 3.60, 45.00, 4.00, 4.00, A 
TFB, 25.55, 0.37, 0.43, 1021.34, 1017.90, -3.12, 36456.00, A 
TGB, 9.63, 2.75, 45.00, 4.00, 4.00, A 
TFB, 25.56, 0.44, 0.43, 1021.38, 1017.90, -2.80, 36722.00, A 
TGB, 9.10, 1.89, 45.00, 3.00, 3.00, A 
TFB, 25.55, 0.18, 0.44, 1021.37, 1017.90, -3.10, 36988.00, A 
TGB, 8.58, 1.04, 45.00, 3.00, 2.00, A 
TFB, 25.55, 0.22, 0.44, 1021.38, 1017.90, -3.14, 37256.00, A 
TGB, 8.05, 1.89, 45.00, 3.00, 1.00, A 
TFB, 25.55, 0.34, 0.43, 1021.33, 1017.90, -3.05, 37522.00, A 
TGB, 7.53, 2.75, 45.00, 3.00, 2.00, A 
TFB, 25.55, 0.18, 0.43, 1021.39, 1017.90, -3.02, 37788.00, A 
TGB, 7.00, 3.60, 45.00, 3.00, 3.00, A 
TFB, 25.55, 0.20, 0.43, 1021.37, 1017.90, -2.65, 38054.00, A 
TGB, 6.47, 4.45, 45.00, 4.00, 4.00, A 
TFB, 25.55, 0.18, 0.43, 1021.36, 1017.90, -2.96, 38322.00, A 
TGB, 5.95, 5.30, 45.00, 4.00, 4.00, A 
TFB, 25.56, 0.19, 0.43, 1021.39, 1017.90, -3.38, 38588.00, A 
TGB, 5.42, 6.15, 45.00, 5.00, 5.00, A 
TFB, 25.56, 0.19, 0.44, 1021.37, 1017.90, -2.98, 38854.00, A 
TGB, 4.90, 7.00, 45.00, 6.00, 6.00, A 
TFB, 25.55, 0.43, 0.43, 1021.38, 1017.90, -3.11, 39119.00, A 
TGB, 4.37, 7.85, 45.00, 7.00, 7.00, A 
TFB, 25.55, 0.22, 0.43, 1021.35, 1017.90, -3.29, 39385.00, A 
TGB, 4.90, 8.70, 45.00, 8.00, 8.00, A 
TFB, 25.56, 0.45, 0.43, 1021.37, 1017.90, -2.99, 39651.00, A 